Source	Sample	Age.myr	pH2.5	pH16.7	pH25	pH50	pH75	pH83.3	pH97.5
Seki10	5.60E+01	1.66E-03	8.13E+00	8.14E+00	8.14E+00	8.15E+00	8.17E+00	8.16E+00	8.18E+00
Honisch09	1.00E+00	3.60E-03	8.06E+00	8.08E+00	8.08E+00	8.09E+00	8.11E+00	8.10E+00	8.12E+00
Honisch09	2.00E+00	3.60E-03	8.17E+00	8.19E+00	8.18E+00	8.20E+00	8.21E+00	8.21E+00	8.23E+00
Chalk17	1.00E+00	4.00E-03	8.11E+00	8.13E+00	8.13E+00	8.14E+00	8.16E+00	8.15E+00	8.17E+00
Chalk17	2.00E+00	5.00E-03	8.13E+00	8.14E+00	8.14E+00	8.15E+00	8.17E+00	8.16E+00	8.18E+00
Chalk17	3.00E+00	5.00E-03	8.10E+00	8.12E+00	8.12E+00	8.13E+00	8.15E+00	8.14E+00	8.16E+00
Chalk17	4.00E+00	8.00E-03	8.13E+00	8.15E+00	8.15E+00	8.16E+00	8.18E+00	8.17E+00	8.19E+00
Chalk17	5.00E+00	8.00E-03	8.12E+00	8.14E+00	8.13E+00	8.15E+00	8.16E+00	8.16E+00	8.18E+00
Chalk17	6.00E+00	9.00E-03	8.12E+00	8.14E+00	8.14E+00	8.15E+00	8.17E+00	8.16E+00	8.18E+00
Chalk17	7.00E+00	1.00E-02	8.15E+00	8.17E+00	8.17E+00	8.18E+00	8.20E+00	8.20E+00	8.22E+00
Chalk17	8.00E+00	1.20E-02	8.13E+00	8.15E+00	8.15E+00	8.16E+00	8.18E+00	8.17E+00	8.19E+00
Chalk17	9.00E+00	1.40E-02	8.16E+00	8.18E+00	8.18E+00	8.19E+00	8.21E+00	8.20E+00	8.22E+00
Honisch09	3.00E+00	1.45E-02	8.10E+00	8.12E+00	8.11E+00	8.13E+00	8.14E+00	8.14E+00	8.16E+00
Honisch09	4.00E+00	1.45E-02	8.21E+00	8.23E+00	8.23E+00	8.24E+00	8.26E+00	8.25E+00	8.28E+00
Chalk17	1.00E+01	1.50E-02	8.17E+00	8.19E+00	8.18E+00	8.20E+00	8.21E+00	8.21E+00	8.23E+00
Chalk17	1.10E+01	1.50E-02	8.18E+00	8.20E+00	8.20E+00	8.21E+00	8.23E+00	8.22E+00	8.24E+00
Sosdian18	2.70E+01	1.70E-02	8.22E+00	8.24E+00	8.24E+00	8.25E+00	8.27E+00	8.26E+00	8.29E+00
Chalk17	1.20E+01	1.70E-02	8.18E+00	8.20E+00	8.20E+00	8.21E+00	8.22E+00	8.22E+00	8.24E+00
Chalk17	1.30E+01	1.90E-02	8.27E+00	8.29E+00	8.29E+00	8.30E+00	8.32E+00	8.31E+00	8.33E+00
Honisch09	5.00E+00	2.04E-02	8.20E+00	8.22E+00	8.22E+00	8.23E+00	8.25E+00	8.24E+00	8.26E+00
Chalk17	1.40E+01	2.10E-02	8.22E+00	8.23E+00	8.23E+00	8.24E+00	8.26E+00	8.25E+00	8.27E+00
Chalk17	1.50E+01	2.30E-02	8.21E+00	8.23E+00	8.23E+00	8.24E+00	8.25E+00	8.25E+00	8.27E+00
Chalk17	1.60E+01	2.40E-02	8.24E+00	8.26E+00	8.26E+00	8.27E+00	8.29E+00	8.28E+00	8.30E+00
Chalk17	1.70E+01	2.60E-02	8.26E+00	8.28E+00	8.27E+00	8.29E+00	8.30E+00	8.30E+00	8.32E+00
Chalk17	1.80E+01	2.60E-02	8.27E+00	8.29E+00	8.28E+00	8.30E+00	8.31E+00	8.31E+00	8.32E+00
Chalk17	1.90E+01	3.60E-02	8.19E+00	8.21E+00	8.21E+00	8.22E+00	8.24E+00	8.23E+00	8.25E+00
Honisch09	6.00E+00	4.08E-02	8.14E+00	8.16E+00	8.16E+00	8.17E+00	8.19E+00	8.18E+00	8.20E+00
Chalk17	2.00E+01	4.70E-02	8.20E+00	8.22E+00	8.22E+00	8.23E+00	8.24E+00	8.24E+00	8.26E+00
Chalk17	2.10E+01	5.20E-02	8.21E+00	8.23E+00	8.23E+00	8.24E+00	8.26E+00	8.25E+00	8.27E+00
Chalk17	2.20E+01	6.10E-02	8.21E+00	8.23E+00	8.23E+00	8.24E+00	8.26E+00	8.25E+00	8.28E+00
Honisch09	7.00E+00	7.06E-02	8.10E+00	8.12E+00	8.12E+00	8.13E+00	8.15E+00	8.14E+00	8.16E+00
Chalk17	2.30E+01	7.70E-02	8.16E+00	8.18E+00	8.17E+00	8.19E+00	8.20E+00	8.20E+00	8.22E+00
Chalk17	2.40E+01	8.40E-02	8.16E+00	8.18E+00	8.17E+00	8.19E+00	8.20E+00	8.20E+00	8.22E+00
Chalk17	2.50E+01	8.90E-02	8.12E+00	8.14E+00	8.14E+00	8.15E+00	8.17E+00	8.16E+00	8.18E+00
Chalk17	2.60E+01	1.00E-01	8.11E+00	8.13E+00	8.13E+00	8.14E+00	8.16E+00	8.15E+00	8.18E+00
Chalk17	2.70E+01	1.06E-01	8.14E+00	8.16E+00	8.16E+00	8.17E+00	8.19E+00	8.18E+00	8.20E+00
Chalk17	2.80E+01	1.11E-01	8.10E+00	8.13E+00	8.12E+00	8.14E+00	8.15E+00	8.15E+00	8.17E+00
Honisch09	8.00E+00	1.14E-01	8.07E+00	8.09E+00	8.09E+00	8.10E+00	8.12E+00	8.11E+00	8.13E+00
Chalk17	2.90E+01	1.17E-01	8.06E+00	8.09E+00	8.08E+00	8.10E+00	8.12E+00	8.11E+00	8.14E+00
Chalk17	3.00E+01	1.19E-01	8.05E+00	8.07E+00	8.07E+00	8.08E+00	8.10E+00	8.10E+00	8.12E+00
Chalk17	3.10E+01	1.19E-01	8.08E+00	8.10E+00	8.09E+00	8.11E+00	8.13E+00	8.12E+00	8.15E+00
Chalk17	3.20E+01	1.22E-01	8.04E+00	8.06E+00	8.06E+00	8.07E+00	8.09E+00	8.08E+00	8.11E+00
Honisch09	9.00E+00	1.23E-01	8.01E+00	8.03E+00	8.03E+00	8.04E+00	8.06E+00	8.06E+00	8.08E+00
Chalk17	3.30E+01	1.24E-01	8.12E+00	8.14E+00	8.13E+00	8.15E+00	8.16E+00	8.16E+00	8.18E+00
Chalk17	3.40E+01	1.24E-01	8.10E+00	8.12E+00	8.12E+00	8.13E+00	8.15E+00	8.14E+00	8.16E+00
Chalk17	3.50E+01	1.27E-01	8.11E+00	8.13E+00	8.13E+00	8.14E+00	8.16E+00	8.15E+00	8.17E+00
Honisch09	1.00E+01	1.28E-01	8.05E+00	8.08E+00	8.07E+00	8.09E+00	8.10E+00	8.10E+00	8.12E+00
Chalk17	3.60E+01	1.31E-01	8.09E+00	8.12E+00	8.11E+00	8.13E+00	8.15E+00	8.14E+00	8.17E+00
Chalk17	3.70E+01	1.32E-01	8.14E+00	8.16E+00	8.16E+00	8.17E+00	8.19E+00	8.18E+00	8.20E+00
Chalk17	3.80E+01	1.33E-01	8.16E+00	8.18E+00	8.17E+00	8.19E+00	8.21E+00	8.20E+00	8.22E+00
Chalk17	3.90E+01	1.34E-01	8.20E+00	8.22E+00	8.21E+00	8.23E+00	8.24E+00	8.24E+00	8.26E+00
Chalk17	4.00E+01	1.36E-01	8.20E+00	8.22E+00	8.22E+00	8.23E+00	8.25E+00	8.24E+00	8.26E+00
Honisch09	1.10E+01	1.37E-01	8.17E+00	8.19E+00	8.19E+00	8.20E+00	8.22E+00	8.21E+00	8.24E+00
Honisch09	1.20E+01	1.39E-01	8.20E+00	8.23E+00	8.22E+00	8.24E+00	8.25E+00	8.25E+00	8.27E+00
Chalk17	4.10E+01	1.39E-01	8.20E+00	8.22E+00	8.22E+00	8.23E+00	8.25E+00	8.24E+00	8.26E+00
Chalk17	4.20E+01	1.47E-01	8.19E+00	8.21E+00	8.20E+00	8.22E+00	8.23E+00	8.23E+00	8.25E+00
Chalk17	4.30E+01	1.50E-01	8.20E+00	8.22E+00	8.21E+00	8.23E+00	8.24E+00	8.24E+00	8.26E+00
Chalk17	4.40E+01	1.70E-01	8.20E+00	8.22E+00	8.21E+00	8.23E+00	8.25E+00	8.24E+00	8.26E+00
Chalk17	4.50E+01	1.80E-01	8.20E+00	8.22E+00	8.22E+00	8.23E+00	8.25E+00	8.25E+00	8.26E+00
Chalk17	4.60E+01	1.84E-01	8.19E+00	8.21E+00	8.21E+00	8.22E+00	8.24E+00	8.23E+00	8.25E+00
Chalk17	4.70E+01	1.90E-01	8.18E+00	8.20E+00	8.19E+00	8.21E+00	8.22E+00	8.22E+00	8.24E+00
Chalk17	4.80E+01	1.92E-01	8.18E+00	8.20E+00	8.19E+00	8.21E+00	8.22E+00	8.22E+00	8.24E+00
Chalk17	4.90E+01	1.98E-01	8.14E+00	8.16E+00	8.16E+00	8.18E+00	8.19E+00	8.19E+00	8.21E+00
Chalk17	5.00E+01	2.12E-01	8.10E+00	8.13E+00	8.12E+00	8.14E+00	8.15E+00	8.15E+00	8.17E+00
Chalk17	5.10E+01	2.20E-01	8.12E+00	8.15E+00	8.14E+00	8.16E+00	8.17E+00	8.17E+00	8.19E+00
Chalk17	5.20E+01	2.24E-01	8.12E+00	8.15E+00	8.14E+00	8.16E+00	8.18E+00	8.17E+00	8.19E+00
Chalk17	5.30E+01	2.27E-01	8.16E+00	8.18E+00	8.18E+00	8.19E+00	8.21E+00	8.21E+00	8.23E+00
Chalk17	5.40E+01	2.36E-01	8.12E+00	8.15E+00	8.14E+00	8.16E+00	8.17E+00	8.17E+00	8.19E+00
Chalk17	5.50E+01	2.39E-01	8.15E+00	8.17E+00	8.16E+00	8.18E+00	8.20E+00	8.19E+00	8.21E+00
Chalk17	5.60E+01	2.43E-01	8.10E+00	8.13E+00	8.12E+00	8.14E+00	8.16E+00	8.15E+00	8.17E+00
Chalk17	5.70E+01	2.47E-01	8.13E+00	8.15E+00	8.14E+00	8.16E+00	8.17E+00	8.17E+00	8.19E+00
Chalk17	5.80E+01	2.50E-01	8.17E+00	8.20E+00	8.19E+00	8.21E+00	8.22E+00	8.22E+00	8.24E+00
Chalk17	5.90E+01	2.58E-01	8.16E+00	8.18E+00	8.18E+00	8.19E+00	8.21E+00	8.20E+00	8.22E+00
Honisch09	1.30E+01	3.29E-01	8.02E+00	8.04E+00	8.04E+00	8.06E+00	8.07E+00	8.07E+00	8.09E+00
Honisch09	1.40E+01	3.59E-01	8.14E+00	8.17E+00	8.16E+00	8.18E+00	8.19E+00	8.19E+00	8.21E+00
Honisch09	1.50E+01	3.67E-01	8.12E+00	8.15E+00	8.14E+00	8.16E+00	8.17E+00	8.17E+00	8.19E+00
Honisch09	1.60E+01	3.86E-01	8.08E+00	8.10E+00	8.10E+00	8.12E+00	8.13E+00	8.13E+00	8.15E+00
Honisch09	1.70E+01	4.09E-01	8.02E+00	8.04E+00	8.04E+00	8.05E+00	8.07E+00	8.06E+00	8.09E+00
Honisch09	1.80E+01	4.19E-01	8.05E+00	8.07E+00	8.07E+00	8.08E+00	8.10E+00	8.10E+00	8.12E+00
Honisch09	1.90E+01	5.42E-01	8.09E+00	8.12E+00	8.11E+00	8.13E+00	8.15E+00	8.14E+00	8.16E+00
Sosdian18	2.80E+01	5.56E-01	8.17E+00	8.21E+00	8.20E+00	8.23E+00	8.25E+00	8.25E+00	8.28E+00
Honisch09	2.00E+01	6.16E-01	8.08E+00	8.10E+00	8.09E+00	8.11E+00	8.13E+00	8.12E+00	8.15E+00
Honisch09	2.10E+01	6.51E-01	8.20E+00	8.22E+00	8.22E+00	8.24E+00	8.25E+00	8.25E+00	8.27E+00
Honisch09	2.20E+01	6.62E-01	8.16E+00	8.18E+00	8.18E+00	8.19E+00	8.21E+00	8.21E+00	8.23E+00
Honisch09	2.30E+01	6.75E-01	8.13E+00	8.15E+00	8.15E+00	8.16E+00	8.18E+00	8.18E+00	8.20E+00
Honisch09	2.40E+01	7.02E-01	8.07E+00	8.09E+00	8.09E+00	8.11E+00	8.12E+00	8.12E+00	8.14E+00
Honisch09	2.50E+01	7.04E-01	8.06E+00	8.08E+00	8.07E+00	8.09E+00	8.11E+00	8.11E+00	8.13E+00
Honisch09	2.60E+01	7.31E-01	8.11E+00	8.14E+00	8.13E+00	8.15E+00	8.17E+00	8.16E+00	8.19E+00
Honisch09	2.70E+01	7.52E-01	8.14E+00	8.17E+00	8.16E+00	8.18E+00	8.20E+00	8.19E+00	8.21E+00
Honisch09	2.80E+01	8.92E-01	8.25E+00	8.28E+00	8.27E+00	8.29E+00	8.31E+00	8.30E+00	8.32E+00
Seki10	5.70E+01	9.30E-01	8.14E+00	8.16E+00	8.15E+00	8.17E+00	8.19E+00	8.18E+00	8.20E+00
Honisch09	2.90E+01	9.50E-01	8.14E+00	8.17E+00	8.16E+00	8.18E+00	8.20E+00	8.19E+00	8.22E+00
Honisch09	3.00E+01	9.53E-01	8.12E+00	8.14E+00	8.14E+00	8.16E+00	8.17E+00	8.17E+00	8.19E+00
Honisch09	3.10E+01	1.07E+00	8.13E+00	8.16E+00	8.15E+00	8.17E+00	8.19E+00	8.18E+00	8.21E+00
Honisch09	3.20E+01	1.08E+00	8.17E+00	8.20E+00	8.19E+00	8.21E+00	8.23E+00	8.22E+00	8.25E+00
Chalk17	6.00E+01	1.09E+00	8.15E+00	8.18E+00	8.17E+00	8.19E+00	8.21E+00	8.20E+00	8.23E+00
Chalk17	6.10E+01	1.09E+00	8.12E+00	8.14E+00	8.14E+00	8.16E+00	8.18E+00	8.17E+00	8.20E+00
Chalk17	6.20E+01	1.09E+00	8.17E+00	8.19E+00	8.19E+00	8.20E+00	8.22E+00	8.22E+00	8.24E+00
Chalk17	6.30E+01	1.09E+00	8.14E+00	8.17E+00	8.16E+00	8.18E+00	8.20E+00	8.19E+00	8.22E+00
Chalk17	6.40E+01	1.10E+00	8.13E+00	8.15E+00	8.15E+00	8.17E+00	8.19E+00	8.18E+00	8.20E+00
Chalk17	6.50E+01	1.10E+00	8.04E+00	8.07E+00	8.06E+00	8.08E+00	8.10E+00	8.09E+00	8.12E+00
Chalk17	6.60E+01	1.10E+00	8.06E+00	8.09E+00	8.08E+00	8.10E+00	8.12E+00	8.12E+00	8.14E+00
Chalk17	6.70E+01	1.10E+00	8.08E+00	8.10E+00	8.10E+00	8.12E+00	8.14E+00	8.14E+00	8.16E+00
Chalk17	6.80E+01	1.11E+00	8.13E+00	8.16E+00	8.15E+00	8.17E+00	8.19E+00	8.18E+00	8.21E+00
Chalk17	6.90E+01	1.11E+00	8.11E+00	8.14E+00	8.13E+00	8.15E+00	8.17E+00	8.16E+00	8.19E+00
Chalk17	7.00E+01	1.11E+00	8.08E+00	8.11E+00	8.10E+00	8.12E+00	8.14E+00	8.14E+00	8.16E+00
Chalk17	7.10E+01	1.11E+00	8.13E+00	8.16E+00	8.15E+00	8.17E+00	8.19E+00	8.19E+00	8.21E+00
Chalk17	7.20E+01	1.12E+00	8.16E+00	8.19E+00	8.18E+00	8.20E+00	8.22E+00	8.21E+00	8.24E+00
Chalk17	7.30E+01	1.12E+00	8.18E+00	8.21E+00	8.20E+00	8.22E+00	8.23E+00	8.23E+00	8.25E+00
Chalk17	7.40E+01	1.12E+00	8.13E+00	8.16E+00	8.15E+00	8.17E+00	8.19E+00	8.18E+00	8.21E+00
Chalk17	7.50E+01	1.12E+00	8.20E+00	8.22E+00	8.22E+00	8.23E+00	8.25E+00	8.25E+00	8.27E+00
Chalk17	7.60E+01	1.13E+00	8.13E+00	8.16E+00	8.15E+00	8.17E+00	8.19E+00	8.19E+00	8.21E+00
Chalk17	7.70E+01	1.13E+00	8.13E+00	8.16E+00	8.15E+00	8.17E+00	8.19E+00	8.19E+00	8.21E+00
Chalk17	7.80E+01	1.13E+00	8.13E+00	8.15E+00	8.15E+00	8.17E+00	8.19E+00	8.18E+00	8.21E+00
Chalk17	7.90E+01	1.14E+00	8.07E+00	8.10E+00	8.09E+00	8.11E+00	8.13E+00	8.13E+00	8.15E+00
Chalk17	8.00E+01	1.14E+00	8.06E+00	8.08E+00	8.08E+00	8.10E+00	8.12E+00	8.11E+00	8.14E+00
Chalk17	8.10E+01	1.14E+00	8.09E+00	8.11E+00	8.11E+00	8.13E+00	8.15E+00	8.14E+00	8.17E+00
Chalk17	8.20E+01	1.15E+00	8.06E+00	8.09E+00	8.09E+00	8.11E+00	8.13E+00	8.12E+00	8.15E+00
Chalk17	8.30E+01	1.15E+00	8.04E+00	8.07E+00	8.07E+00	8.09E+00	8.12E+00	8.11E+00	8.14E+00
Chalk17	8.40E+01	1.15E+00	8.11E+00	8.14E+00	8.13E+00	8.15E+00	8.17E+00	8.17E+00	8.19E+00
Chalk17	8.50E+01	1.15E+00	8.13E+00	8.15E+00	8.15E+00	8.17E+00	8.19E+00	8.18E+00	8.21E+00
Chalk17	8.60E+01	1.16E+00	8.06E+00	8.09E+00	8.08E+00	8.10E+00	8.12E+00	8.12E+00	8.15E+00
Chalk17	8.70E+01	1.16E+00	8.05E+00	8.08E+00	8.07E+00	8.09E+00	8.11E+00	8.11E+00	8.14E+00
Chalk17	8.80E+01	1.16E+00	8.09E+00	8.12E+00	8.11E+00	8.13E+00	8.15E+00	8.15E+00	8.17E+00
Honisch09	3.30E+01	1.17E+00	8.05E+00	8.08E+00	8.07E+00	8.10E+00	8.12E+00	8.11E+00	8.14E+00
Chalk17	8.90E+01	1.17E+00	8.08E+00	8.11E+00	8.10E+00	8.12E+00	8.14E+00	8.14E+00	8.16E+00
Chalk17	9.00E+01	1.18E+00	8.09E+00	8.12E+00	8.12E+00	8.14E+00	8.16E+00	8.15E+00	8.18E+00
Chalk17	9.10E+01	1.18E+00	8.11E+00	8.14E+00	8.13E+00	8.15E+00	8.17E+00	8.16E+00	8.19E+00
Chalk17	9.20E+01	1.18E+00	8.15E+00	8.18E+00	8.17E+00	8.19E+00	8.21E+00	8.20E+00	8.23E+00
Chalk17	9.30E+01	1.18E+00	8.16E+00	8.19E+00	8.18E+00	8.20E+00	8.22E+00	8.21E+00	8.24E+00
Chalk17	9.40E+01	1.19E+00	8.12E+00	8.14E+00	8.14E+00	8.16E+00	8.18E+00	8.17E+00	8.20E+00
Chalk17	9.50E+01	1.19E+00	8.11E+00	8.13E+00	8.13E+00	8.15E+00	8.17E+00	8.16E+00	8.19E+00
Chalk17	9.60E+01	1.19E+00	8.18E+00	8.20E+00	8.20E+00	8.22E+00	8.23E+00	8.23E+00	8.25E+00
Honisch09	3.40E+01	1.19E+00	8.13E+00	8.16E+00	8.15E+00	8.17E+00	8.19E+00	8.19E+00	8.21E+00
Chalk17	9.70E+01	1.20E+00	8.19E+00	8.21E+00	8.21E+00	8.23E+00	8.25E+00	8.24E+00	8.27E+00
Chalk17	9.80E+01	1.20E+00	8.21E+00	8.24E+00	8.23E+00	8.25E+00	8.27E+00	8.26E+00	8.28E+00
Chalk17	9.90E+01	1.21E+00	8.17E+00	8.20E+00	8.19E+00	8.21E+00	8.23E+00	8.22E+00	8.25E+00
Chalk17	1.00E+02	1.21E+00	8.14E+00	8.17E+00	8.16E+00	8.18E+00	8.20E+00	8.20E+00	8.22E+00
Honisch09	3.50E+01	1.21E+00	8.11E+00	8.14E+00	8.13E+00	8.15E+00	8.17E+00	8.17E+00	8.19E+00
Chalk17	1.01E+02	1.21E+00	8.08E+00	8.10E+00	8.10E+00	8.12E+00	8.14E+00	8.13E+00	8.16E+00
Chalk17	1.02E+02	1.22E+00	8.10E+00	8.12E+00	8.12E+00	8.14E+00	8.16E+00	8.15E+00	8.18E+00
Chalk17	1.03E+02	1.22E+00	8.06E+00	8.09E+00	8.08E+00	8.10E+00	8.13E+00	8.12E+00	8.15E+00
Chalk17	1.04E+02	1.22E+00	8.12E+00	8.15E+00	8.14E+00	8.16E+00	8.18E+00	8.17E+00	8.20E+00
Chalk17	1.05E+02	1.23E+00	8.09E+00	8.12E+00	8.12E+00	8.14E+00	8.16E+00	8.15E+00	8.18E+00
Chalk17	1.06E+02	1.23E+00	8.04E+00	8.07E+00	8.07E+00	8.09E+00	8.11E+00	8.10E+00	8.13E+00
Honisch09	3.60E+01	1.23E+00	8.08E+00	8.10E+00	8.10E+00	8.12E+00	8.14E+00	8.13E+00	8.16E+00
Chalk17	1.07E+02	1.23E+00	8.07E+00	8.09E+00	8.09E+00	8.11E+00	8.13E+00	8.12E+00	8.15E+00
Chalk17	1.08E+02	1.24E+00	8.11E+00	8.14E+00	8.13E+00	8.15E+00	8.17E+00	8.16E+00	8.19E+00
Honisch09	3.70E+01	1.24E+00	8.04E+00	8.07E+00	8.07E+00	8.09E+00	8.11E+00	8.10E+00	8.13E+00
Chalk17	1.09E+02	1.24E+00	8.10E+00	8.13E+00	8.12E+00	8.14E+00	8.16E+00	8.16E+00	8.18E+00
Chalk17	1.10E+02	1.24E+00	8.07E+00	8.10E+00	8.09E+00	8.11E+00	8.13E+00	8.13E+00	8.15E+00
Honisch09	3.80E+01	1.25E+00	8.15E+00	8.18E+00	8.17E+00	8.19E+00	8.21E+00	8.20E+00	8.23E+00
Honisch09	3.90E+01	1.26E+00	8.09E+00	8.12E+00	8.11E+00	8.13E+00	8.15E+00	8.15E+00	8.17E+00
Honisch09	4.00E+01	1.35E+00	8.03E+00	8.06E+00	8.05E+00	8.07E+00	8.09E+00	8.09E+00	8.12E+00
Honisch09	4.10E+01	1.41E+00	8.12E+00	8.15E+00	8.14E+00	8.16E+00	8.18E+00	8.18E+00	8.21E+00
Seki10	5.80E+01	1.43E+00	8.18E+00	8.20E+00	8.19E+00	8.21E+00	8.23E+00	8.23E+00	8.25E+00
Honisch09	4.20E+01	1.50E+00	8.06E+00	8.09E+00	8.09E+00	8.11E+00	8.13E+00	8.13E+00	8.15E+00
Sosdian18	2.90E+01	1.53E+00	8.19E+00	8.22E+00	8.22E+00	8.24E+00	8.26E+00	8.26E+00	8.29E+00
Honisch09	4.30E+01	1.58E+00	8.12E+00	8.15E+00	8.14E+00	8.16E+00	8.18E+00	8.18E+00	8.20E+00
Honisch09	4.40E+01	1.65E+00	8.12E+00	8.15E+00	8.14E+00	8.16E+00	8.18E+00	8.18E+00	8.21E+00
Honisch09	4.50E+01	1.67E+00	8.22E+00	8.25E+00	8.24E+00	8.26E+00	8.28E+00	8.28E+00	8.30E+00
Honisch09	4.60E+01	1.67E+00	8.13E+00	8.16E+00	8.15E+00	8.18E+00	8.20E+00	8.19E+00	8.22E+00
Honisch09	4.70E+01	1.85E+00	8.16E+00	8.19E+00	8.18E+00	8.20E+00	8.22E+00	8.22E+00	8.25E+00
Honisch09	4.80E+01	1.86E+00	8.24E+00	8.26E+00	8.26E+00	8.28E+00	8.30E+00	8.29E+00	8.32E+00
Sosdian18	3.00E+01	1.88E+00	8.21E+00	8.24E+00	8.24E+00	8.26E+00	8.28E+00	8.27E+00	8.30E+00
Honisch09	4.90E+01	1.93E+00	8.12E+00	8.15E+00	8.14E+00	8.16E+00	8.19E+00	8.18E+00	8.21E+00
Honisch09	5.00E+01	1.95E+00	8.27E+00	8.29E+00	8.29E+00	8.31E+00	8.33E+00	8.32E+00	8.35E+00
Honisch09	5.10E+01	1.95E+00	8.26E+00	8.28E+00	8.28E+00	8.30E+00	8.32E+00	8.31E+00	8.34E+00
Honisch09	5.20E+01	1.96E+00	8.27E+00	8.30E+00	8.29E+00	8.31E+00	8.33E+00	8.32E+00	8.35E+00
Bartoli11	1.00E+00	1.98E+00	8.10E+00	8.14E+00	8.13E+00	8.15E+00	8.18E+00	8.17E+00	8.20E+00
Honisch09	5.30E+01	1.98E+00	8.14E+00	8.17E+00	8.17E+00	8.19E+00	8.21E+00	8.20E+00	8.23E+00
Seki10	5.90E+01	2.02E+00	7.98E+00	8.01E+00	8.01E+00	8.03E+00	8.05E+00	8.04E+00	8.07E+00
Honisch09	5.40E+01	2.02E+00	8.15E+00	8.17E+00	8.17E+00	8.19E+00	8.21E+00	8.20E+00	8.23E+00
Bartoli11	2.00E+00	2.03E+00	8.06E+00	8.09E+00	8.09E+00	8.11E+00	8.13E+00	8.13E+00	8.16E+00
Honisch09	5.50E+01	2.04E+00	8.23E+00	8.25E+00	8.25E+00	8.27E+00	8.29E+00	8.28E+00	8.31E+00
Honisch09	5.60E+01	2.05E+00	8.22E+00	8.24E+00	8.24E+00	8.26E+00	8.28E+00	8.27E+00	8.30E+00
Bartoli11	3.00E+00	2.08E+00	8.09E+00	8.12E+00	8.12E+00	8.14E+00	8.16E+00	8.16E+00	8.19E+00
Bartoli11	4.00E+00	2.16E+00	8.11E+00	8.14E+00	8.13E+00	8.16E+00	8.18E+00	8.17E+00	8.20E+00
Bartoli11	5.00E+00	2.17E+00	7.97E+00	8.01E+00	8.00E+00	8.03E+00	8.05E+00	8.04E+00	8.08E+00
Bartoli11	6.00E+00	2.20E+00	8.16E+00	8.19E+00	8.19E+00	8.21E+00	8.23E+00	8.22E+00	8.25E+00
Bartoli11	7.00E+00	2.20E+00	8.02E+00	8.05E+00	8.04E+00	8.07E+00	8.09E+00	8.09E+00	8.12E+00
Bartoli11	8.00E+00	2.20E+00	7.96E+00	8.00E+00	7.99E+00	8.02E+00	8.04E+00	8.03E+00	8.07E+00
Sosdian18	3.10E+01	2.21E+00	8.11E+00	8.14E+00	8.13E+00	8.15E+00	8.18E+00	8.17E+00	8.20E+00
Bartoli11	9.00E+00	2.30E+00	8.11E+00	8.14E+00	8.13E+00	8.16E+00	8.18E+00	8.17E+00	8.20E+00
Martinez-Boti15	1.00E+00	2.34E+00	8.07E+00	8.10E+00	8.09E+00	8.11E+00	8.13E+00	8.13E+00	8.16E+00
Martinez-Boti15	2.00E+00	2.35E+00	8.06E+00	8.10E+00	8.09E+00	8.11E+00	8.14E+00	8.13E+00	8.16E+00
Martinez-Boti15	3.00E+00	2.35E+00	8.08E+00	8.11E+00	8.10E+00	8.12E+00	8.14E+00	8.14E+00	8.16E+00
Martinez-Boti15	4.00E+00	2.36E+00	7.94E+00	7.98E+00	7.97E+00	8.00E+00	8.02E+00	8.02E+00	8.05E+00
Martinez-Boti15	5.00E+00	2.37E+00	7.98E+00	8.01E+00	8.00E+00	8.03E+00	8.05E+00	8.04E+00	8.07E+00
Martinez-Boti15	6.00E+00	2.38E+00	8.01E+00	8.05E+00	8.04E+00	8.06E+00	8.08E+00	8.08E+00	8.11E+00
Martinez-Boti15	7.00E+00	2.39E+00	8.01E+00	8.04E+00	8.03E+00	8.06E+00	8.08E+00	8.07E+00	8.10E+00
Martinez-Boti15	8.00E+00	2.41E+00	8.11E+00	8.14E+00	8.13E+00	8.15E+00	8.17E+00	8.17E+00	8.19E+00
Martinez-Boti15	9.00E+00	2.42E+00	8.05E+00	8.08E+00	8.07E+00	8.09E+00	8.12E+00	8.11E+00	8.14E+00
Martinez-Boti15	1.00E+01	2.45E+00	8.06E+00	8.09E+00	8.09E+00	8.11E+00	8.13E+00	8.12E+00	8.15E+00
Martinez-Boti15	1.10E+01	2.47E+00	8.04E+00	8.07E+00	8.06E+00	8.08E+00	8.11E+00	8.10E+00	8.13E+00
Martinez-Boti15	1.20E+01	2.50E+00	8.02E+00	8.05E+00	8.05E+00	8.07E+00	8.09E+00	8.08E+00	8.11E+00
Martinez-Boti15	1.30E+01	2.50E+00	8.02E+00	8.05E+00	8.04E+00	8.06E+00	8.09E+00	8.08E+00	8.11E+00
Bartoli11	1.00E+01	2.50E+00	8.00E+00	8.03E+00	8.03E+00	8.05E+00	8.08E+00	8.07E+00	8.10E+00
Martinez-Boti15	1.40E+01	2.52E+00	8.15E+00	8.17E+00	8.17E+00	8.19E+00	8.21E+00	8.20E+00	8.23E+00
Martinez-Boti15	1.50E+01	2.55E+00	8.05E+00	8.07E+00	8.07E+00	8.09E+00	8.11E+00	8.10E+00	8.13E+00
Sosdian18	3.20E+01	2.55E+00	8.13E+00	8.16E+00	8.15E+00	8.17E+00	8.19E+00	8.19E+00	8.21E+00
Bartoli11	1.10E+01	2.56E+00	8.05E+00	8.08E+00	8.08E+00	8.10E+00	8.13E+00	8.12E+00	8.16E+00
Martinez-Boti15	1.60E+01	2.56E+00	8.08E+00	8.11E+00	8.10E+00	8.12E+00	8.14E+00	8.14E+00	8.16E+00
Martinez-Boti15	1.70E+01	2.58E+00	8.05E+00	8.08E+00	8.07E+00	8.09E+00	8.11E+00	8.11E+00	8.13E+00
Martinez-Boti15	1.80E+01	2.59E+00	8.01E+00	8.05E+00	8.04E+00	8.06E+00	8.08E+00	8.08E+00	8.11E+00
Bartoli11	1.20E+01	2.60E+00	8.11E+00	8.14E+00	8.14E+00	8.16E+00	8.18E+00	8.17E+00	8.20E+00
Martinez-Boti15	1.90E+01	2.62E+00	8.10E+00	8.13E+00	8.13E+00	8.15E+00	8.17E+00	8.16E+00	8.19E+00
Martinez-Boti15	2.00E+01	2.62E+00	8.08E+00	8.10E+00	8.10E+00	8.12E+00	8.14E+00	8.13E+00	8.16E+00
Martinez-Boti15	2.10E+01	2.63E+00	8.14E+00	8.17E+00	8.16E+00	8.18E+00	8.20E+00	8.20E+00	8.22E+00
Martinez-Boti15	2.20E+01	2.65E+00	8.10E+00	8.13E+00	8.12E+00	8.14E+00	8.16E+00	8.16E+00	8.18E+00
Martinez-Boti15	2.30E+01	2.66E+00	8.08E+00	8.10E+00	8.10E+00	8.12E+00	8.14E+00	8.13E+00	8.16E+00
Martinez-Boti15	2.40E+01	2.67E+00	8.12E+00	8.15E+00	8.14E+00	8.16E+00	8.18E+00	8.18E+00	8.20E+00
Martinez-Boti15	2.50E+01	2.68E+00	8.06E+00	8.08E+00	8.08E+00	8.10E+00	8.12E+00	8.11E+00	8.14E+00
Bartoli11	1.30E+01	2.69E+00	8.11E+00	8.14E+00	8.13E+00	8.16E+00	8.18E+00	8.18E+00	8.21E+00
Martinez-Boti15	2.60E+01	2.69E+00	8.10E+00	8.13E+00	8.12E+00	8.14E+00	8.16E+00	8.15E+00	8.18E+00
Martinez-Boti15	2.70E+01	2.70E+00	8.11E+00	8.14E+00	8.13E+00	8.15E+00	8.17E+00	8.17E+00	8.19E+00
Martinez-Boti15	2.80E+01	2.70E+00	8.15E+00	8.18E+00	8.18E+00	8.20E+00	8.23E+00	8.22E+00	8.25E+00
Bartoli11	1.40E+01	2.70E+00	8.01E+00	8.05E+00	8.04E+00	8.06E+00	8.09E+00	8.08E+00	8.12E+00
Martinez-Boti15	2.90E+01	2.70E+00	8.06E+00	8.09E+00	8.08E+00	8.10E+00	8.13E+00	8.12E+00	8.15E+00
Bartoli11	1.50E+01	2.71E+00	8.03E+00	8.06E+00	8.05E+00	8.08E+00	8.10E+00	8.09E+00	8.13E+00
Martinez-Boti15	3.00E+01	2.71E+00	8.13E+00	8.15E+00	8.15E+00	8.17E+00	8.19E+00	8.18E+00	8.21E+00
Bartoli11	1.60E+01	2.71E+00	8.09E+00	8.12E+00	8.11E+00	8.14E+00	8.16E+00	8.15E+00	8.18E+00
Bartoli11	1.70E+01	2.71E+00	7.97E+00	8.03E+00	8.01E+00	8.06E+00	8.10E+00	8.09E+00	8.14E+00
Martinez-Boti15	3.10E+01	2.75E+00	8.04E+00	8.07E+00	8.06E+00	8.08E+00	8.10E+00	8.10E+00	8.12E+00
Martinez-Boti15	3.20E+01	2.75E+00	8.05E+00	8.08E+00	8.08E+00	8.10E+00	8.12E+00	8.12E+00	8.14E+00
Bartoli11	1.80E+01	2.75E+00	8.04E+00	8.07E+00	8.07E+00	8.09E+00	8.11E+00	8.11E+00	8.14E+00
Martinez-Boti15	3.30E+01	2.76E+00	8.02E+00	8.05E+00	8.04E+00	8.06E+00	8.09E+00	8.08E+00	8.11E+00
Bartoli11	1.90E+01	2.77E+00	7.98E+00	8.01E+00	8.01E+00	8.03E+00	8.06E+00	8.05E+00	8.08E+00
Martinez-Boti15	3.40E+01	2.78E+00	8.10E+00	8.13E+00	8.13E+00	8.15E+00	8.17E+00	8.16E+00	8.19E+00
Bartoli11	2.00E+01	2.78E+00	7.96E+00	8.00E+00	7.99E+00	8.01E+00	8.04E+00	8.03E+00	8.07E+00
Bartoli11	2.10E+01	2.78E+00	8.02E+00	8.05E+00	8.04E+00	8.07E+00	8.09E+00	8.08E+00	8.12E+00
Bartoli11	2.20E+01	2.78E+00	8.02E+00	8.06E+00	8.05E+00	8.07E+00	8.10E+00	8.09E+00	8.12E+00
Bartoli11	2.30E+01	2.80E+00	8.03E+00	8.06E+00	8.05E+00	8.08E+00	8.10E+00	8.10E+00	8.13E+00
Martinez-Boti15	3.50E+01	2.80E+00	8.10E+00	8.13E+00	8.12E+00	8.14E+00	8.16E+00	8.16E+00	8.19E+00
Martinez-Boti15	3.60E+01	2.83E+00	8.06E+00	8.09E+00	8.08E+00	8.10E+00	8.12E+00	8.12E+00	8.15E+00
Martinez-Boti15	3.70E+01	2.83E+00	8.00E+00	8.04E+00	8.03E+00	8.06E+00	8.09E+00	8.08E+00	8.12E+00
Martinez-Boti15	3.80E+01	2.84E+00	7.99E+00	8.02E+00	8.02E+00	8.04E+00	8.06E+00	8.05E+00	8.08E+00
Martinez-Boti15	3.90E+01	2.85E+00	8.07E+00	8.10E+00	8.09E+00	8.12E+00	8.14E+00	8.13E+00	8.16E+00
Martinez-Boti15	4.00E+01	2.86E+00	7.94E+00	7.98E+00	7.97E+00	7.99E+00	8.02E+00	8.01E+00	8.04E+00
Sosdian18	3.30E+01	2.88E+00	8.19E+00	8.22E+00	8.21E+00	8.23E+00	8.25E+00	8.25E+00	8.27E+00
Martinez-Boti15	4.10E+01	2.91E+00	8.01E+00	8.04E+00	8.03E+00	8.05E+00	8.08E+00	8.07E+00	8.10E+00
Bartoli11	2.40E+01	2.92E+00	8.07E+00	8.11E+00	8.10E+00	8.12E+00	8.15E+00	8.14E+00	8.17E+00
Martinez-Boti15	4.20E+01	2.92E+00	8.00E+00	8.03E+00	8.03E+00	8.05E+00	8.07E+00	8.07E+00	8.10E+00
Seki10	6.00E+01	2.94E+00	8.00E+00	8.03E+00	8.02E+00	8.04E+00	8.06E+00	8.06E+00	8.08E+00
Martinez-Boti15	4.30E+01	2.94E+00	8.04E+00	8.07E+00	8.06E+00	8.09E+00	8.11E+00	8.10E+00	8.13E+00
Martinez-Boti15	4.40E+01	2.95E+00	8.02E+00	8.05E+00	8.04E+00	8.07E+00	8.09E+00	8.08E+00	8.11E+00
Martinez-Boti15	4.50E+01	2.95E+00	7.95E+00	7.99E+00	7.98E+00	8.01E+00	8.04E+00	8.03E+00	8.07E+00
Martinez-Boti15	4.60E+01	2.96E+00	8.03E+00	8.06E+00	8.06E+00	8.08E+00	8.10E+00	8.09E+00	8.12E+00
Martinez-Boti15	4.70E+01	2.98E+00	8.05E+00	8.08E+00	8.07E+00	8.10E+00	8.12E+00	8.11E+00	8.14E+00
Bartoli11	2.50E+01	3.00E+00	7.98E+00	8.01E+00	8.01E+00	8.03E+00	8.06E+00	8.05E+00	8.08E+00
Martinez-Boti15	4.80E+01	3.00E+00	8.01E+00	8.04E+00	8.03E+00	8.06E+00	8.08E+00	8.07E+00	8.10E+00
Martinez-Boti15	4.90E+01	3.01E+00	8.02E+00	8.05E+00	8.05E+00	8.07E+00	8.09E+00	8.08E+00	8.11E+00
Martinez-Boti15	5.00E+01	3.03E+00	8.00E+00	8.03E+00	8.03E+00	8.05E+00	8.07E+00	8.06E+00	8.09E+00
Martinez-Boti15	5.10E+01	3.04E+00	7.97E+00	8.00E+00	7.99E+00	8.01E+00	8.04E+00	8.03E+00	8.06E+00
Martinez-Boti15	5.20E+01	3.05E+00	7.97E+00	8.00E+00	7.99E+00	8.01E+00	8.04E+00	8.03E+00	8.06E+00
Martinez-Boti15	5.30E+01	3.06E+00	8.02E+00	8.05E+00	8.04E+00	8.07E+00	8.09E+00	8.08E+00	8.11E+00
Martinez-Boti15	5.40E+01	3.06E+00	7.97E+00	8.00E+00	8.00E+00	8.02E+00	8.04E+00	8.04E+00	8.07E+00
Martinez-Boti15	5.50E+01	3.07E+00	8.00E+00	8.03E+00	8.03E+00	8.05E+00	8.07E+00	8.06E+00	8.10E+00
Bartoli11	2.60E+01	3.07E+00	8.06E+00	8.09E+00	8.09E+00	8.11E+00	8.14E+00	8.13E+00	8.16E+00
Bartoli11	2.70E+01	3.08E+00	7.97E+00	8.01E+00	8.00E+00	8.02E+00	8.05E+00	8.04E+00	8.08E+00
Martinez-Boti15	5.60E+01	3.09E+00	8.05E+00	8.08E+00	8.07E+00	8.09E+00	8.11E+00	8.11E+00	8.13E+00
Martinez-Boti15	5.70E+01	3.10E+00	8.06E+00	8.09E+00	8.08E+00	8.11E+00	8.13E+00	8.12E+00	8.15E+00
Bartoli11	2.80E+01	3.10E+00	8.06E+00	8.09E+00	8.08E+00	8.10E+00	8.13E+00	8.12E+00	8.15E+00
Martinez-Boti15	5.80E+01	3.11E+00	7.99E+00	8.02E+00	8.02E+00	8.04E+00	8.06E+00	8.06E+00	8.08E+00
Martinez-Boti15	5.90E+01	3.13E+00	8.03E+00	8.07E+00	8.06E+00	8.08E+00	8.11E+00	8.10E+00	8.13E+00
Martinez-Boti15	6.00E+01	3.14E+00	8.04E+00	8.08E+00	8.07E+00	8.09E+00	8.12E+00	8.11E+00	8.14E+00
Martinez-Boti15	6.10E+01	3.15E+00	7.95E+00	8.01E+00	7.99E+00	8.03E+00	8.07E+00	8.06E+00	8.11E+00
Bartoli11	2.90E+01	3.16E+00	8.08E+00	8.12E+00	8.11E+00	8.14E+00	8.16E+00	8.16E+00	8.19E+00
Martinez-Boti15	6.20E+01	3.16E+00	8.04E+00	8.07E+00	8.06E+00	8.09E+00	8.11E+00	8.10E+00	8.13E+00
Martinez-Boti15	6.30E+01	3.17E+00	7.94E+00	7.97E+00	7.97E+00	7.99E+00	8.01E+00	8.01E+00	8.04E+00
Martinez-Boti15	6.40E+01	3.18E+00	8.00E+00	8.03E+00	8.03E+00	8.05E+00	8.07E+00	8.06E+00	8.09E+00
Martinez-Boti15	6.50E+01	3.19E+00	8.10E+00	8.13E+00	8.12E+00	8.14E+00	8.16E+00	8.16E+00	8.19E+00
Martinez-Boti15	6.60E+01	3.20E+00	8.05E+00	8.08E+00	8.07E+00	8.09E+00	8.12E+00	8.11E+00	8.14E+00
Seki10	6.10E+01	3.20E+00	7.99E+00	8.01E+00	8.01E+00	8.03E+00	8.05E+00	8.04E+00	8.07E+00
Martinez-Boti15	6.70E+01	3.21E+00	8.05E+00	8.08E+00	8.08E+00	8.10E+00	8.12E+00	8.12E+00	8.15E+00
Bartoli11	3.00E+01	3.22E+00	8.07E+00	8.11E+00	8.10E+00	8.13E+00	8.15E+00	8.14E+00	8.18E+00
Martinez-Boti15	6.80E+01	3.22E+00	8.00E+00	8.04E+00	8.03E+00	8.05E+00	8.08E+00	8.07E+00	8.10E+00
Bartoli11	3.10E+01	3.24E+00	8.02E+00	8.05E+00	8.04E+00	8.07E+00	8.09E+00	8.08E+00	8.12E+00
Martinez-Boti15	6.90E+01	3.24E+00	7.95E+00	7.99E+00	7.98E+00	8.01E+00	8.04E+00	8.04E+00	8.08E+00
Martinez-Boti15	7.00E+01	3.24E+00	8.03E+00	8.06E+00	8.05E+00	8.07E+00	8.10E+00	8.09E+00	8.12E+00
Martinez-Boti15	7.10E+01	3.25E+00	8.07E+00	8.09E+00	8.09E+00	8.11E+00	8.13E+00	8.12E+00	8.15E+00
Sosdian18	3.40E+01	3.25E+00	8.03E+00	8.06E+00	8.06E+00	8.08E+00	8.10E+00	8.10E+00	8.13E+00
Bartoli11	3.20E+01	3.26E+00	8.08E+00	8.11E+00	8.11E+00	8.13E+00	8.16E+00	8.15E+00	8.18E+00
Martinez-Boti15	7.20E+01	3.26E+00	8.03E+00	8.06E+00	8.05E+00	8.08E+00	8.11E+00	8.10E+00	8.13E+00
Martinez-Boti15	7.30E+01	3.27E+00	8.00E+00	8.04E+00	8.03E+00	8.06E+00	8.09E+00	8.08E+00	8.12E+00
Martinez-Boti15	7.40E+01	3.28E+00	8.07E+00	8.10E+00	8.09E+00	8.11E+00	8.14E+00	8.13E+00	8.16E+00
Bartoli11	3.30E+01	3.32E+00	8.06E+00	8.09E+00	8.08E+00	8.11E+00	8.13E+00	8.13E+00	8.16E+00
Bartoli11	3.40E+01	3.40E+00	8.07E+00	8.10E+00	8.09E+00	8.12E+00	8.14E+00	8.13E+00	8.17E+00
Bartoli11	3.50E+01	3.41E+00	8.05E+00	8.09E+00	8.08E+00	8.11E+00	8.13E+00	8.13E+00	8.16E+00
Bartoli11	3.60E+01	3.47E+00	8.03E+00	8.07E+00	8.06E+00	8.09E+00	8.11E+00	8.10E+00	8.14E+00
									
									
									
									
									
									
									
									
									
									
									
									
									
									
									
									
									
